0.000000
0.177694
0.355462
0.532587
0.710123
0.885995
1.063171
1.236963
1.413747
1.584620
1.760886
1.928254
2.103442
2.267376
2.440080
2.601657
2.769447
2.930611
3.090646
3.253026
3.403826
3.566529
3.710214
3.868195
4.010726
4.156705
4.303409
4.434568
4.582589
4.706554
4.843431
4.972688
5.089381
5.223671
5.330383
5.450863
5.566548
5.662580
5.781218
5.874019
5.968043
6.074588
6.149321
6.241333
6.330466
6.392215
6.478229
6.549856
6.600306
6.676660
6.733149
6.771231
6.835474
6.880020
6.903739
6.953404
6.989578
6.998177
7.029089
7.059653
7.056399
7.062828
7.085778
7.079351
7.059656
7.063590
7.061150
7.027667
6.998792
6.989005
6.962297
6.910366
6.867069
6.838770
6.795078
6.728311
6.664398
6.614493
6.558913
6.483057
6.398594
6.321470
6.248946
6.167972
6.074841
5.976854
5.879358
5.779618
5.673760
5.564213
5.457095
5.353457
5.245259
5.120714
4.973990
4.811214
4.648939
4.507237
4.402243
4.341867
4.325537
4.346683
4.396048
4.464381
4.543988
4.629228
4.716356
4.803067
4.888038
4.970542
5.050191
5.126775
5.200176
5.270316
5.337138
5.400595
5.460646
5.517251
5.570376
5.619985
5.666049
5.708537
5.747423
5.782683
5.814294
5.842236
5.866492
5.887047
5.903886
5.917001
5.926382
5.932023
5.933921
5.932076
5.926487
5.917159
5.904097
5.887311
5.866809
5.842606
5.814718
5.783166
5.747977
5.709194
5.666887
5.621186
5.572342
5.520831
5.467534
5.413981
5.362663
5.317276
5.282732
5.264621
5.267847
5.294477
5.341352
5.398832
5.452338
5.487520
5.497538
5.488164
5.475611
5.475888
5.491946
5.509931
5.510913
5.489706
5.461419
5.445297
5.441510
5.429945
5.396418
5.353054
5.321468
5.299791
5.264855
5.210126
5.157580
5.119301
5.074945
5.009706
4.943570
4.891831
4.833342
4.754907
4.680313
4.617876
4.541263
4.450716
4.372935
4.296382
4.199701
4.105933
4.023513
3.924125
3.818375
3.727325
3.624496
3.510195
3.410903
3.302966
3.182085
3.076285
2.961759
2.835732
2.725188
2.602777
2.473632
2.359047
2.227961
2.098784
1.978676
1.840151
1.713807
1.584506
1.443833
1.319206
1.178683
1.043655
0.913055
0.767852
0.639483
0.496445
0.359585
0.225584
0.079987
-0.049228
-0.195526
-0.327891
-0.467744
-0.606972
-0.739035
-0.883116
-1.010536
-1.154760
-1.281580
-1.421819
-1.550526
-1.684686
-1.815707
-1.943508
-2.075866
-2.197988
-2.330186
-2.447494
-2.578122
-2.691240
-2.819226
-2.928432
-3.053054
-3.158340
-3.279112
-3.380325
-3.496845
-3.593852
-3.705638
-3.798489
-3.904820
-3.993890
-4.093702
-4.179748
-4.271653
-4.355679
-4.438253
-4.521046
-4.593486
-4.674784
-4.737842
-4.815452
-4.872061
-4.941739
-4.996346
-5.053477
-5.109311
-5.152457
-5.207779
-5.241636
-5.288790
-5.322031
-5.353213
-5.389735
-5.406637
-5.438388
-5.453213
-5.467757
-5.487693
-5.486975
-5.500315
-5.501233
-5.494025
-5.499329
-5.483113
-5.472270
-5.464409
-5.435503
-5.419397
-5.397384
-5.358439
-5.334734
-5.300013
-5.251485
-5.218685
-5.173533
-5.114747
-5.071841
-5.018856
-4.949260
-4.894634
-4.836433
-4.757171
-4.687840
-4.625490
-4.541177
-4.454372
-4.383863
-4.301617
-4.200892
-4.112083
-4.032319
-3.932451
-3.821657
-3.727336
-3.637696
-3.526522
-3.405378
-3.300797
-3.204748
-3.090017
-2.958155
-2.836216
-2.732399
-2.624015
-2.492450
-2.349674
-2.220859
-2.111321
-2.000996
-1.869074
-1.716869
-1.565267
-1.433644
-1.322927
-1.216329
-1.093333
-0.943785
-0.772846
-0.596485
-0.432894
-0.295475
-0.189970
-0.115296
-0.066214
-0.036071
-0.018682
-0.009220
-0.004345
-0.001959
-0.000846
-0.000351
-0.000140
-0.000054
-0.000020
-0.000007
-0.000002
-0.000001
-0.000000
-0.000000
-0.000000
-0.000000
-0.000000
-0.000000
-0.000000
-0.000000
-0.000000
-0.000000
-0.000000
-0.000000
-0.000000
-0.000000
-0.000000
-0.000000
-0.000000
-0.000000
-0.000000
-0.000000
-0.000000
-0.000000
-0.000000
-0.000000
-0.000000
-0.000000
-0.000000
-0.000000
-0.000000
-0.000000
-0.000000
-0.000000
-0.000000
-0.000000
-0.000000
-0.000000
-0.000000
-0.000000
-0.000000
-0.000000
-0.000000
-0.000000
-0.000000
-0.000000
-0.000000
-0.000000
-0.000000
-0.000000
-0.000000
-0.000000
-0.000000
-0.000000
-0.000000
-0.000000
-0.000000
-0.000000
-0.000000
-0.000000
-0.000000
-0.000000
-0.000000
-0.000000
-0.000000
-0.000000
-0.000000
-0.000000
-0.000000
-0.000000
-0.000000
-0.000000
-0.000000
-0.000000
-0.000000
-0.000000
-0.000000
-0.000000
-0.000000
-0.000000
-0.000000
-0.000000
-0.000000
-0.000000
-0.000000
-0.000000
-0.000000
-0.000000
-0.000000
-0.000000
-0.000000
-0.000000
-0.000000
-0.000000
-0.000000
-0.000000
-0.000000
-0.000000
-0.000000
-0.000000
-0.000000
-0.000000
-0.000000
-0.000000
-0.000000
-0.000000
-0.000000
-0.000000
-0.000000
-0.000000
-0.000000
-0.000000
-0.000000
-0.000000
-0.000000
-0.000000
-0.000000
-0.000000
-0.000000
-0.000000
-0.000000
-0.000000
-0.000000
-0.000000
-0.000000
-0.000000
-0.000000
-0.000000
-0.000000
-0.000000
-0.000000
-0.000000
-0.000000
-0.000000
-0.000000
-0.000000
-0.000000
-0.000000
-0.000000
-0.000000
-0.000000
-0.000000
-0.000000
-0.000000
-0.000000
-0.000000
-0.000000
-0.000000
-0.000000
-0.000000
-0.000000
-0.000000
-0.000000
-0.000000
-0.000000
-0.000000
-0.000000
-0.000000
-0.000000
-0.000000
-0.000000
-0.000000
-0.000000
-0.000000
-0.000000
-0.000000
-0.000000
-0.000000
-0.000000
-0.000000
-0.000000
-0.000000
-0.000000
-0.000000
-0.000000
-0.000000
-0.000000
-0.000000
-0.000000
-0.000000
-0.000000
-0.000000
-0.000000
-0.000000
-0.000000
-0.000000
-0.000000
-0.000000
-0.000000
-0.000000
-0.000000
-0.000000
-0.000000
-0.000000
-0.000000
-0.000000
-0.000000
-0.000000
-0.000000
-0.000000
-0.000000
-0.000000
-0.000000
-0.000000
-0.000000
-0.000000
-0.000000
-0.000000
-0.000000
-0.000000
-0.000000
-0.000000
-0.000000
-0.000000
-0.000000
-0.000000
-0.000000
-0.000000
-0.000000
-0.000000
-0.000000
-0.000000
-0.000000
-0.000000
-0.000000
-0.000000
-0.000000
-0.000000
-0.000000
-0.000000
-0.000000
-0.000000
-0.000000
-0.000000
-0.000000
-0.000000
-0.000000
-0.000000
-0.000000
-0.000000
-0.000000
-0.000000
-0.000000
-0.000000
-0.000000
-0.000000
-0.000000
-0.000000
-0.000000
-0.000000
0.000000
0.000000
0.000000
0.000000
0.000000
0.000000
0.000000
0.000000
0.000000
0.000000
0.000000
0.000000
0.000000
0.000000
0.000000
0.000000
0.000000
0.000000
0.000000
0.000000
0.000000
0.000000
0.000000
0.000000
0.000000
0.000000
0.000000
0.000000
0.000000
0.000000
0.000000
0.000000
0.000000
0.000000
0.000000
0.000000
0.000000
0.000000
0.000000
0.000000
0.000000
0.000000
0.000000
0.000000
0.000000
0.000000
0.000000
0.000000
0.000000
0.000000
0.000000
0.000000
0.000000
0.000000
0.000000
0.000000
0.000000
0.000000
0.000000
0.000000
0.000000
0.000000
0.000000
0.000000
0.000000
0.000000
0.000000
0.000000
0.000000
0.000000
0.000000
0.000000
0.000000
0.000000
0.000000
0.000000
0.000000
0.000000
0.000000
0.000000
0.000000
0.000000
0.000000
0.000000
0.000000
0.000000
0.000000
0.000000
0.000000
0.000000
0.000000
0.000000
0.000000
0.000000
0.000000
0.000000
0.000000
0.000000
0.000000
0.000000
0.000000
0.000000
0.000000
0.000000
0.000000
0.000000
0.000000
0.000000
0.000000
0.000000
0.000000
0.000000
0.000000
0.000000
0.000000
0.000000
0.000000
0.000000
0.000000
0.000000
0.000000
0.000000
0.000000
0.000000
0.000000
0.000000
0.000000
0.000000
0.000000
0.000000
0.000000
0.000000
0.000000
0.000000
0.000000
0.000000
0.000000
0.000000
0.000000
0.000000
0.000000
0.000000
0.000000
0.000000
0.000000
0.000000
0.000000
0.000000
0.000000
0.000000
0.000000
0.000000
0.000000
0.000000
0.000000
0.000000
0.000000
0.000000
0.000000
0.000000
0.000000
0.000000
0.000000
0.000000
0.000000
0.000000
0.000000
0.000000
0.000000
0.000000
0.000000
0.000000
0.000000
0.000000
0.000000
0.000000
0.000000
0.000000
0.000000
0.000000
0.000000
0.000000
0.000000
0.000000
0.000000
0.000000
0.000000
0.000000
0.000000
0.000000
0.000000
0.000000
0.000000
0.000000
0.000000
0.000000
0.000000
0.000000
0.000000
0.000000
0.000000
0.000000
0.000000
0.000000
0.000000
0.000000
0.000000
0.000000
0.000000
0.000000
0.000000
0.000000
0.000000
0.000000
0.000000
0.000000
0.000000
0.000000
0.000000
0.000000
0.000000
0.000000
0.000000
0.000000
0.000000
0.000000
0.000000
0.000000
0.000000
0.000000
0.000000
0.000000
0.000000
0.000000
0.000000
0.000000
0.000000
0.000000
0.000000
0.000000
0.000000
0.000000
0.000000
0.000000
0.000000
0.000000
0.000000
0.000000
0.000000
0.000000
0.000000
0.000000
0.000000
0.000000
0.000000
0.000000
0.000000
0.000000
0.000000
0.000000
0.000000
0.000000
0.000000
0.000000
0.000000
0.000000
0.000000
0.000000
0.000000
0.000000
0.000000
0.000000
0.000000
0.000000
0.000000
0.000000
0.000000
0.000000
0.000000
0.000000
0.000000
0.000000
0.000000
0.000000
0.000000
0.000000
0.000000
0.000000
0.000000
0.000000
0.000000
0.000000
0.000000
0.000000
0.000000
0.000000
0.000000
0.000000
0.000000
0.000000
0.000000
0.000000
0.000000
0.000000
0.000000
0.000000
0.000000
0.000000
0.000000
0.000000
0.000000
0.000000
0.000000
0.000000
0.000000
0.000000
0.000000
0.000000
0.000000
0.000000
0.000000
0.000000
0.000000
0.000000
0.000000
0.000000
0.000000
0.000000
0.000000
0.000000
0.000000
0.000000
0.000000
0.000000
0.000000
0.000000
0.000000
0.000000
0.000000
0.000000
0.000000
0.000000
0.000000
0.000000
0.000000
0.000000
0.000000
0.000000
0.000000
0.000000
0.000000
0.000000
0.000000
0.000000
0.000000
0.000000
0.000000
0.000000
0.000000
0.000000
0.000000
0.000000
0.000000
0.000000
0.000000
0.000000
0.000000
0.000000
0.000000
0.000000
0.000000
0.000000
0.000000
0.000000
0.000000
0.000000
0.000000
0.000000
0.000000
0.000000
0.000000
0.000000
0.000000
0.000000
0.000000
0.000000
